device.name=COMADO_BASE_STATION
device.id=1db48d31-8be1-4a09-bdca-e15f9ec10b79
device.locomotion.type=STATIC
device.location.latitude=11.9822454358812
device.location.longitude=79.03269406771366